number_of_microseconds_to_wait:100.0
loss_rate:0.1
memeorysize:1200007 avgMemoryPrecision:0.9449241967873487 avgFalseNegative:0.011311940634084838 avgAccuracy:0.988551225512014
0.025615890798838775 0.0014695927510575595 0.008742807369717736
loss_rate:0.2
memeorysize:1200007 avgMemoryPrecision:0.9919559340657875 avgFalseNegative:0.013314910635525012 avgAccuracy:0.9800750269987208
0.003884143155811122 0.004095261951162548 0.01943379680790074
loss_rate:0.30000000000000004
memeorysize:1200007 avgMemoryPrecision:0.9982374209313555 avgFalseNegative:0.011669086565093838 avgAccuracy:0.9806551208560004
8.532264530517909E-4 0.007214882028061086 0.01483243336902418
loss_rate:0.4
memeorysize:1200007 avgMemoryPrecision:0.9994206849860788 avgFalseNegative:0.013870149781728212 avgAccuracy:0.982037145419954
2.789003368267591E-4 0.014729558798961394 0.01292983299344586
