number_of_microseconds_to_wait:10000.0
loss_rate:0.1
memeorysize:1200007 avgMemoryPrecision:0.9449133177224752 avgFalseNegative:0.011289100674692526 avgAccuracy:0.9886189744991294
0.025619684771072897 0.0018615253658491916 0.008822489181351884
loss_rate:0.2
memeorysize:1200007 avgMemoryPrecision:0.9919579332803291 avgFalseNegative:0.013492155185245372 avgAccuracy:0.9799494378728824
0.0038828464452611345 0.004391718094863799 0.019724245210246332
loss_rate:0.30000000000000004
memeorysize:1200007 avgMemoryPrecision:0.9982364749490193 avgFalseNegative:0.011676371535268508 avgAccuracy:0.9807499598507251
8.535230572002037E-4 0.006858035991752027 0.015595638129891023
loss_rate:0.4
memeorysize:1200007 avgMemoryPrecision:0.9994204561039988 avgFalseNegative:0.012369396389447503 avgAccuracy:0.9807352097793096
2.788344369850364E-4 0.011828537220932047 0.013409226756738371
