number_of_microseconds_to_wait:1000000.0
loss_rate:0.1
memeorysize:1200007 avgMemoryPrecision:0.9449342909899088 avgFalseNegative:0.01167647271545198 avgAccuracy:0.9878215388931071
0.02561814995199979 0.0019503379459090068 0.009985864498157668
loss_rate:0.2
memeorysize:1200007 avgMemoryPrecision:0.9919545709157808 avgFalseNegative:0.014809813923051088 avgAccuracy:0.9792638941413022
0.0038917357821583224 0.006423807367199099 0.020652779077179745
loss_rate:0.30000000000000004
memeorysize:1200007 avgMemoryPrecision:0.9982373018535228 avgFalseNegative:0.012778246702179002 avgAccuracy:0.9778952200344998
8.539187613422786E-4 0.007946657571562241 0.0172026171259495
loss_rate:0.4
memeorysize:1200007 avgMemoryPrecision:0.9994196227610693 avgFalseNegative:0.011123045534623965 avgAccuracy:0.9801452473840631
2.788479749926534E-4 0.01034253619239356 0.011875951324665743
